  1576715900  1335056613  -915827847   528104173
  1332666868 -1299086242  1622810641 -1545034555
  1261385273 -1199319107   -39221327 -1781868346
  1518480920  1841033985 -1451855601 -1799999223
  -719471913  -897546016   482385731  1116057495
  -206111495   696370587 -2091258227  1226315345
  -838426470   337418356   764765054 -1385198012
   688991004  -326794302   686658046   -28904630
 -1542936875    81842631 -1388306726 -1407403102
 -1414627444  1953801306  -261837911 -2004973105
  1236464513 -1684602571   361430710  -401497746
 -1320359195  -574332727 -1446034506  -142165552
 -1561151009  -111238334   276803514  1027986857
 -1479881713   391476655   182421058 -1975530905
  -325471696 -1361694754  1580241492 -1175097480
 -1459307717  -689145955 -2049373892  1474364722
   665430163   908019285  -930018741 -2016519630
 -1850881322  -843439663  2144229006   990650688
  1190775972   313540924 -2037623430 -1778091852
  1571000122   806554034  -307260242  1282300095
  -670473047  -949556480   906737957 -1351479050
  -500588295  1743581316  1941395548 -1259627815
  1816389310  1292923358   969208147   736065189
   709485347   665586312  1405334882   474361186
  -405873328  -188693155  -327378173 -1796498196
  1971829079 -1065014164  -865041723 -1565405073
  -272464499   879044065  -116751489   464221770
 -1843892158 -1712978959  -108049970  1323069180
  2119844809  -638320953   107878018 -1702164051
  -915699921  -106793429 -1543509557  1314435536
  -446903014  2108798850  1303824012 -1354831552
  -930313546   689185392  1951009645   -45834906
   768809879 -1727195085   811804445   628582671
   155431282  1750648733  1633829244  1810196765
 -1399163091  1958647256   161321206  1595217572
 -2087502229 -1330258480   620937868 -1043035289
 -1156298071  -386162791   722116574  1656479569
 -1202869632   661174841
